# ugv2 stereo-right camera calibration parameters
# [narrow_stereo/right]
# SERIAL 16306423
# yaml file auto-generated by : ugv2_20200122.ini
# yaml file auto-generated on : 22-Jan-2020
#### TAB CANNOT BE USED #####

image_width: 1288
image_height: 964

camera_matrix:
  rows: 3
  cols: 3
  data: [1093.0330310701649523, 0.0000000000000000, 606.6562378011941519, 0.0000000000000000, 1090.4601016624494605, 464.4707253198959620, 0.0000000000000000, 0.0000000000000000, 1.0000000000000000]

distortion_coefficients:
  rows: 1
  cols: 5
  data: [-0.3843455802597255, 0.1847609261751571, 0.0007913527767146, -0.0001904556733105, 0.0000000000000000]

rectification_matrix:
  rows: 3
  cols: 3
  data: [0.9988715221299432, 0.0032670177813887, -0.0473815245916200, -0.0035513441057756, 0.9999761832488673, -0.0059178450529125, 0.0473610624126252, 0.0060794349938130, 0.9988593345598284]

projection_matrix:
  rows: 3
  cols: 4
  data: [1033.8029978796903379, 0.0000000000000000, 676.1631240844726562, -156.5938308905504357, 0.0000000000000000, 1033.8029978796903379, 483.1690406799316406, 0.0000000000000000, 0.0000000000000000, 0.0000000000000000, 1.0000000000000000, 0.0000000000000000]

distortion_model: plumb_bob
camera_info_url: file:///home/benjamin/.ros/camera_info/${NAME}.yaml

#Auto-Control States
#Off (0): turns the feature off
#Query (1): returns the current mode and (if possible) the value of the feature, with no change to the device
#Auto (2): the camera sets the value continuously
#Manual (3): sets a specific value from the corresponding parameter
#OnePush (4): the camera sets the value once, then holds it constant
#None (5): the camera does not provide this feature 

auto_white_balance: false
white_balance_blue: 525
white_balance_red: 270
enable_trigger: true
trigger_mode: mode14
# trigger_delay: 
# trigger_parameter: 
# trigger_polarity: 
# trigger_source: 
auto_gain: false
gain: 8.375
# gamma: 
auto_exposure: false
exposure: 0.5
auto_shutter: false
shutter_speed: 0.002 # seconds
# auto_brightness: 3
# auto_gamma: 3
# auto_hue: 3
# auto_saturation: 3
# auto_sharpness: 3
# auto_white_balance: 3
# auto_iris: 3
# auto_focus: 3
# auto_zoom: 3

# bayer_pattern: rggb
# brightness: 170.0
# frame_id: /camera
# frame_rate: 60.0
# gamma: 0
# hue: 0.0
# iris: 8.0
# iso_speed: 400 #Fixed, the cameras dont operate on other ISO
# reset_on_open: false
# use_ros_time: true
# video_mode: 640x480_mono8
# bayer_method: '' #default method, uses ros image_proc
# binning_x: 0
# binning_y: 0
# focus: 0.0
# format7_color_coding: mono16
# format7_packet_size: 0
# roi_height: 0
# roi_width: 0
# saturation: 1.0
# sharpness: 1.0
# x_offset: 0
# y_offset: 0
# zoom: 0.0
