# ugv1 stereo-right camera calibration parameters
# [narrow_stereo/right]
# SERIAL 17496985
# yaml file auto-generated by : ugv1_20200122.ini
# yaml file auto-generated on : 22-Jan-2020
#### TAB CANNOT BE USED #####

image_width: 1288
image_height: 964

camera_matrix:
  rows: 3
  cols: 3
  data: [1078.7254135934895203, 0.0000000000000000, 646.9530998007709286, 0.0000000000000000, 1079.2136935628477659, 465.7644720064620856, 0.0000000000000000, 0.0000000000000000, 1.0000000000000000]

distortion_coefficients:
  rows: 1
  cols: 5
  data: [-0.3695282666202395, 0.1449851388903335, -0.0002509460958876, 0.0000012854532852, 0.0000000000000000]

rectification_matrix:
  rows: 3
  cols: 3
  data: [0.9997117501406486, 0.0056676824406795, -0.0233301094398012, -0.0056751927894299, 0.9999838632673108, -0.0002557181790765, 0.0233282836386282, 0.0003880473372167, 0.9997277832498903]

projection_matrix:
  rows: 3
  cols: 4
  data: [1003.2720648468070976, 0.0000000000000000, 674.6396636962890625, -151.1990745787392427, 0.0000000000000000, 1003.2720648468070976, 458.0701179504394531, 0.0000000000000000, 0.0000000000000000, 0.0000000000000000, 1.0000000000000000, 0.0000000000000000]

distortion_model: plumb_bob
camera_info_url: file:///home/benjamin/.ros/camera_info/${NAME}.yaml

#Auto-Control States
#Off (0): turns the feature off
#Query (1): returns the current mode and (if possible) the value of the feature, with no change to the device
#Auto (2): the camera sets the value continuously
#Manual (3): sets a specific value from the corresponding parameter
#OnePush (4): the camera sets the value once, then holds it constant
#None (5): the camera does not provide this feature 

auto_white_balance: false
white_balance_blue: 525
white_balance_red: 270
enable_trigger: true
trigger_mode: mode14
# trigger_delay: 
# trigger_parameter: 
# trigger_polarity: 
# trigger_source: 
auto_gain: false
gain: 8.375
# gamma: 
auto_exposure: false
exposure: 0.5
auto_shutter: false
shutter_speed: 0.002 # seconds
# auto_brightness: 3
# auto_gamma: 3
# auto_hue: 3
# auto_saturation: 3
# auto_sharpness: 3
# auto_white_balance: 3
# auto_iris: 3
# auto_focus: 3
# auto_zoom: 3

# bayer_pattern: rggb
# brightness: 170.0
# frame_id: /camera
# frame_rate: 60.0
# gamma: 0
# hue: 0.0
# iris: 8.0
# iso_speed: 400 #Fixed, the cameras dont operate on other ISO
# reset_on_open: false
# use_ros_time: true
# video_mode: 640x480_mono8
# bayer_method: '' #default method, uses ros image_proc
# binning_x: 0
# binning_y: 0
# focus: 0.0
# format7_color_coding: mono16
# format7_packet_size: 0
# roi_height: 0
# roi_width: 0
# saturation: 1.0
# sharpness: 1.0
# x_offset: 0
# y_offset: 0
# zoom: 0.0
