h00: 0.0167659603385831 
h01: 0.3334864959717393 
h02: 0.9426057816385470 
h03: 0.2042051145356441 

h10: -0.9998550332990477 
h11: 0.0027925993326715 
h12: 0.0167962428991229 
h13: -0.0827322549677723 

h20: 0.0029689999131426 
h21: -0.9427507403303683 
h22: 0.3334849721442594 
h23: 0.2847284081560525 

