Left:
('D = ', [-0.36593521075689395, 0.14248497493669401, -0.0017429515228985653, 0.0004058322712375159, 0.0])
('K = ', [1076.4552293393463, 0.0, 649.5364979289171, 0.0, 1079.1927694564945, 459.59582648608415, 0.0, 0.0, 1.0])
('R = ', [0.9998967509882221, -0.00545872908794858, -0.013292465532843068, 0.005463007839389946, 0.9999850368759121, 0.00028560396955277617, 0.01329070760133563, -0.00035819132463585075, 0.9999116104888625])
('P = ', [1003.2720648468071, 0.0, 674.6396636962891, 0.0, 0.0, 1003.2720648468071, 458.07011795043945, 0.0, 0.0, 0.0, 1.0, 0.0])

Right:
('D = ', [-0.36952826662023947, 0.14498513889033346, -0.00025094609588758796, 1.2854532852351398e-06, 0.0])
('K = ', [1078.7254135934895, 0.0, 646.9530998007709, 0.0, 1079.2136935628478, 465.7644720064621, 0.0, 0.0, 1.0])
('R = ', [0.9997117501406486, 0.005667682440679461, -0.02333010943980117, -0.005675192789429898, 0.9999838632673108, -0.00025571817907645613, 0.02332828363862821, 0.0003880473372167252, 0.9997277832498903])
('P = ', [1003.2720648468071, 0.0, 674.6396636962891, -151.19907457873924, 0.0, 1003.2720648468071, 458.07011795043945, 0.0, 0.0, 0.0, 1.0, 0.0])
('self.T ', [-0.15066251395112681, -0.0008541534944140486, 0.003515986421545564])
('self.R ', [0.999887576664367, -0.011140619469698819, 0.010035966823937599, 0.011135174366063687, 0.9999378230464888, 0.0005982749252467219, -0.010042007971375382, -0.00048645542466747697, 0.9999494594413373])
None
# oST version 5.0 parameters


[image]

width
1288

height
964

[narrow_stereo/left]

camera matrix
1076.455229 0.000000 649.536498
0.000000 1079.192769 459.595826
0.000000 0.000000 1.000000

distortion
-0.365935 0.142485 -0.001743 0.000406 0.000000

rectification
0.999897 -0.005459 -0.013292
0.005463 0.999985 0.000286
0.013291 -0.000358 0.999912

projection
1003.272065 0.000000 674.639664 0.000000
0.000000 1003.272065 458.070118 0.000000
0.000000 0.000000 1.000000 0.000000

# oST version 5.0 parameters


[image]

width
1288

height
964

[narrow_stereo/right]

camera matrix
1078.725414 0.000000 646.953100
0.000000 1079.213694 465.764472
0.000000 0.000000 1.000000

distortion
-0.369528 0.144985 -0.000251 0.000001 0.000000

rectification
0.999712 0.005668 -0.023330
-0.005675 0.999984 -0.000256
0.023328 0.000388 0.999728

projection
1003.272065 0.000000 674.639664 -151.199075
0.000000 1003.272065 458.070118 0.000000
0.000000 0.000000 1.000000 0.000000
