h00: 0.0008168789879108
h01: -0.3338269536933536
h02: 0.9426340210795143
h03: 0.1910467537343798

h10: 0.9999991331658735
h11: -0.0007007201561636
h12: -0.0011147460535451
h13: -0.0427266432137884

h20: 0.0010326549376526
h21: 0.9426341145848042
h22: 0.3338260919171859
h23: 0.2921764425667390

# H =
#     0.0008   -0.3338    0.9426    0.1910
#     1.0000   -0.0007   -0.0011   -0.0427
#     0.0010    0.9426    0.3338    0.2922
