h00: -0.8591165313185203 
h01: 0.3213122280362781 
h02: -0.3983431155795174 
h03: 2.7769560725001998 

h10: -0.5017033107243314 
h11: -0.3750668041945086 
h12: 0.7794989931998395 
h13: -1.5425663761492872 

h20: 0.1010572789237826 
h21: 0.8695305310946140 
h22: 0.4834295004143208 
h23: -0.0074192437183521 

