# ugv1 stereo camera calibration parameters
# Right SERIAL 17496985
# Left SERIAL 17496991
# yaml file auto-generated by : ugv1_20200122.ini
# yaml file auto-generated on : 22-Jan-2020
#### TAB CANNOT BE USED #####

FocalLength: 1003.2720648468070976
Baseline: 0.1401645615032461
RightOffset: -151.1990745787392427
camXOffset: 0.000000
camYOffset: 0.000000
camZOffset: 0.000000
Cx: 674.6396636962890625
Cy: 458.0701179504394531
image_width: 1288.0000000000000000
image_height: 964.0000000000000000
