h00: -0.0857677551068528 
h01: -0.3695933699489570 
h02: 0.9252268008838179 
h03: -0.0608008068202746 

h10: 0.9962886188649279 
h11: -0.0250375953981567 
h12: 0.0823535472028513 
h13: -0.3318726468332660 

h20: -0.0072718707458930 
h21: 0.9288562104580297 
h22: 0.3703690864386544 
h23: 0.1343118833215894 

