# ugv2 stereo camera calibration parameters
# Right SERIAL 16306423
# Left SERIAL 16369047
# yaml file auto-generated by : ugv2_20200122.ini
# yaml file auto-generated on : 22-Jan-2020
#### TAB CANNOT BE USED #####

FocalLength: 1033.8029978796903379
Baseline: 0.1432654150782917
RightOffset: -156.5938308905504357
camXOffset: 0.000000
camYOffset: 0.000000
camZOffset: 0.000000
Cx: 676.1631240844726562
Cy: 483.1690406799316406
image_width: 1288.0000000000000000
image_height: 964.0000000000000000
