h00: -0.0315881156765812 
h01: 0.3471733072090937 
h02: 0.9372688438807203 
h03: 0.1753661776686259 

h10: -0.9994915019922496 
h11: -0.0068900948012435 
h12: -0.0311330056195411 
h13: -0.0443538102021246 

h20: -0.0043506773357051 
h21: -0.9377756775237509 
h22: 0.3472144153856384 
h23: 0.2733813896303099 

