Left:
('D = ', [-0.3669147888154479, 0.14549309383663747, -0.0008035306362326561, 0.0006032926206521026, 0.0])
('K = ', [1086.6831660328482, 0.0, 617.5364728368485, 0.0, 1085.535698750579, 500.5943111666756, 0.0, 0.0, 1.0])
('R = ', [0.998500371667344, -0.0032498898747348047, -0.054648385117750276, 0.003577862842528755, 0.9999761661382965, 0.005904748329442467, 0.054627892853888346, -0.006091417828067431, 0.9984882012077999])
('P = ', [1033.8029978796903, 0.0, 676.1631240844727, 0.0, 0.0, 1033.8029978796903, 483.16904067993164, 0.0, 0.0, 0.0, 1.0, 0.0])

Right:
('D = ', [-0.3843455802597255, 0.1847609261751571, 0.0007913527767145897, -0.0001904556733105398, 0.0])
('K = ', [1093.033031070165, 0.0, 606.6562378011942, 0.0, 1090.4601016624495, 464.47072531989596, 0.0, 0.0, 1.0])
('R = ', [0.9988715221299432, 0.0032670177813887025, -0.047381524591620046, -0.003551344105775555, 0.9999761832488673, -0.005917845052912538, 0.047361062412625186, 0.006079434993813012, 0.9988593345598284])
('P = ', [1033.8029978796903, 0.0, 676.1631240844727, -156.59383089055044, 0.0, 1033.8029978796903, 483.16904067993164, 0.0, 0.0, 0.0, 1.0, 0.0])
('self.T ', [-0.15130263554914383, -0.000494866846995486, 0.007177048687665158])
('self.R ', [0.9999481149154801, -0.007085977929405181, -0.007318223402020614, 0.007172002821881024, 0.9999047001280945, 0.011796314562959907, 0.00723393755162637, -0.01184818882907223, 0.9999036406419219])
None
# oST version 5.0 parameters


[image]

width
1288

height
964

[narrow_stereo/left]

camera matrix
1086.683166 0.000000 617.536473
0.000000 1085.535699 500.594311
0.000000 0.000000 1.000000

distortion
-0.366915 0.145493 -0.000804 0.000603 0.000000

rectification
0.998500 -0.003250 -0.054648
0.003578 0.999976 0.005905
0.054628 -0.006091 0.998488

projection
1033.802998 0.000000 676.163124 0.000000
0.000000 1033.802998 483.169041 0.000000
0.000000 0.000000 1.000000 0.000000

# oST version 5.0 parameters


[image]

width
1288

height
964

[narrow_stereo/right]

camera matrix
1093.033031 0.000000 606.656238
0.000000 1090.460102 464.470725
0.000000 0.000000 1.000000

distortion
-0.384346 0.184761 0.000791 -0.000190 0.000000

rectification
0.998872 0.003267 -0.047382
-0.003551 0.999976 -0.005918
0.047361 0.006079 0.998859

projection
1033.802998 0.000000 676.163124 -156.593831
0.000000 1033.802998 483.169041 0.000000
0.000000 0.000000 1.000000 0.000000
