# mk3a/ugv1 parameters
# SERIAL 17496991
# yaml file auto-generated by : matlabCalibration.m and writeYaml.m
# yaml file auto-generated on : 19-Jan-2020
#### TAB CANNOT BE USED #####

image_width: 1288
image_height: 964

camera_matrix:
  rows: 3
  cols: 3
  data: [1089.0494111901039105, 0.0000000000000000, 606.5953900424915446, 0.0000000000000000, 1086.5069184600747576, 474.6586522818529374, 0.0000000000000000, 0.0000000000000000, 1.0000000000000000]

distortion_coefficients:
  rows: 1
  cols: 5
  data: [-0.3994680218742150, 0.4242890720070678, 0.0053636252351777, 0.0005256411442306, -0.4489189947205385]

rectification_matrix:
  rows: 3
  cols: 3
  data: [1.0000000000000000, 0.0000000000000000, 0.0000000000000000, 0.0000000000000000, 1.0000000000000000, 0.0000000000000000, 0.0000000000000000, 0.0000000000000000, 1.0000000000000000]

projection_matrix:
  rows: 3
  cols: 4
  data: [1089.0494111901039105, 0.0000000000000000, 606.5953900424915446, 0.0000000000000000, 0.0000000000000000, 1086.5069184600747576, 474.6586522818529374, 0.0000000000000000, 0.0000000000000000, 0.0000000000000000, 1.0000000000000000, 0.0000000000000000]

distortion_model: plumb_bob
camera_info_url: file:///home/benjamin/.ros/camera_info/${NAME}.yaml

#Auto-Control States
#Off (0): turns the feature off
#Query (1): returns the current mode and (if possible) the value of the feature, with no change to the device
#Auto (2): the camera sets the value continuously
#Manual (3): sets a specific value from the corresponding parameter
#OnePush (4): the camera sets the value once, then holds it constant
#None (5): the camera does not provide this feature 

