# mk3a/ugv1 stereo-right parameters
# CAMERA SERIAL 17496985
# yaml file auto-generated by : calibrate_ugv_stereo.py
# yaml file auto-generated on : 20200117
# #### TAB CANNOT BE USED #####

image_width: 1288
image_height: 964

camera_matrix:
  rows: 3
  cols: 3
  data: [933.54715815,0.0,637.483675568, 0.0,927.425718634,447.114602892, 0.0,0.0,1.0]

distortion_coefficients:
  rows: 1
  cols: 5
  data: [-0.21218747528, -0.11351264017, 0.0, 0.0, 0.192198632973]

rectification_matrix:
  rows: 3
  cols: 3
  data: [0.985833427013,-0.0687235022055,-0.153001746491, 0.0701891281054,0.997524893609,0.00419200752904, 0.152334961452,-0.0148716803332,0.988217027097]

projection_matrix:
  rows: 3
  cols: 4
  data: [1103.50213324,0.0,791.852848053,-159.696241137, 0.0,1103.50213324,445.442855835,0.0, 0.0,0.0,1.0,0.0]

distortion_model: plumb_bob
camera_info_url: file:///home/benjamin/.ros/camera_info/${NAME}.yaml

auto_white_balance: false
white_balance_blue: 525
white_balance_red: 270
enable_trigger: true
trigger_mode: mode14

auto_gain: false
gain: 8.375
auto_exposure: false
exposure: 0.5
auto_shutter: false
shutter_speed: 0.002
