# mk3a/ugv1 stereo-left parameters
# CAMERA SERIAL 17496991
# yaml file auto-generated by : calibrate_ugv_stereo.py
# yaml file auto-generated on : 20200115
# #### TAB CANNOT BE USED #####

image_width: 1288
image_height: 964

camera_matrix:
  rows: 3
  cols: 3
  data: [1085.02105127,0.0,634.90388309, 0.0,1081.42573172,458.175766674, 0.0,0.0,1.0]

distortion_coefficients:
  rows: 1
  cols: 5
  data: [-0.407902567855, 0.314806913001, 0.0, 0.0, -0.22496626376]

rectification_matrix:
  rows: 3
  cols: 3
  data: [0.999992219748,-0.00394467106532,3.78534104457e-06, 0.00394467284773,0.999991876404,-0.000828663092133, -5.16506971544e-07,0.000828671576858,0.999999656652]

projection_matrix:
  rows: 3
  cols: 4
  data: [1289.95245112,0.0,962.64384079,0.0, 0.0,1289.95245112,385.958599091,0.0, 0.0,0.0,1.0,0.0]

distortion_model: plumb_bob
camera_info_url: file:///home/benjamin/.ros/camera_info/${NAME}.yaml

auto_white_balance: false
white_balance_blue: 525
white_balance_red: 270
enable_trigger: true
trigger_mode: mode14

auto_gain: false
gain: 8.375
auto_exposure: false
exposure: 0.5
auto_shutter: false
shutter_speed: 0.002
