# mk3a/ugv1 parameters
# SERIAL 17496985
# yaml file auto-generated by : matlabCalibration.m and writeYaml.m
# yaml file auto-generated on : 19-Jan-2020
#### TAB CANNOT BE USED #####

image_width: 1288
image_height: 964

camera_matrix:
  rows: 3
  cols: 3
  data: [1114.5163619237439434, 0.0000000000000000, 645.3262563285835540, 0.0000000000000000, 1108.2570589238368939, 470.5928392411419168, 0.0000000000000000, 0.0000000000000000, 1.0000000000000000]

distortion_coefficients:
  rows: 1
  cols: 5
  data: [-0.3784959193643743, 0.3552977754395575, 0.0034637317572869, 0.0032331736012719, -0.4365261734218406]

rectification_matrix:
  rows: 3
  cols: 3
  data: [0.9996704685803404, 0.0124795622662700, 0.0224324491307797, -0.0127728205758116, 0.9998342053359418, 0.0129775534976334, -0.0222667757634745, -0.0132598026338291, 0.9996641277605248]

projection_matrix:
  rows: 3
  cols: 4
  data: [1128.6253421826127123, -5.8607615047265273, 620.2928232379989595, -138.1800472052845237, 24.3871129014594246, 1114.1804595639175659, 455.7395103014669644, 19.6446326332062391, 0.0224324491307797, 0.0129775534976334, 0.9996641277605248, 0.0467575157872688]

distortion_model: plumb_bob
camera_info_url: file:///home/benjamin/.ros/camera_info/${NAME}.yaml

#Auto-Control States
#Off (0): turns the feature off
#Query (1): returns the current mode and (if possible) the value of the feature, with no change to the device
#Auto (2): the camera sets the value continuously
#Manual (3): sets a specific value from the corresponding parameter
#OnePush (4): the camera sets the value once, then holds it constant
#None (5): the camera does not provide this feature 

