# mk3a/ugv1 stereo-left parameters
# CAMERA SERIAL 17496991
# yaml file auto-generated by : calibrate_ugv_stereo.py
# yaml file auto-generated on : 20200117
# #### TAB CANNOT BE USED #####

image_width: 1288
image_height: 964

camera_matrix:
  rows: 3
  cols: 3
  data: [933.54715815,0.0,637.422423479, 0.0,927.425718634,449.858894875, 0.0,0.0,1.0]

distortion_coefficients:
  rows: 1
  cols: 5
  data: [-0.362022760699, 0.462729543922, 0.0, 0.0, -0.372983268445]

rectification_matrix:
  rows: 3
  cols: 3
  data: [0.986289294264,-0.0880260343366,-0.139588127358, 0.0866821088267,0.996112455211,-0.0156903977938, 0.140426635756,0.00337547812018,0.990085332745]

projection_matrix:
  rows: 3
  cols: 4
  data: [1103.50213324,0.0,791.852848053,0.0, 0.0,1103.50213324,445.442855835,0.0, 0.0,0.0,1.0,0.0]

distortion_model: plumb_bob
camera_info_url: file:///home/benjamin/.ros/camera_info/${NAME}.yaml

auto_white_balance: false
white_balance_blue: 525
white_balance_red: 270
enable_trigger: true
trigger_mode: mode14

auto_gain: false
gain: 8.375
auto_exposure: false
exposure: 0.5
auto_shutter: false
shutter_speed: 0.002
