# mk3a/ugv1 stereo-right parameters
# CAMERA SERIAL 17496985
# yaml file auto-generated by : calibrate_ugv_stereo.py
# yaml file auto-generated on : 20200115
# #### TAB CANNOT BE USED #####

image_width: 1288
image_height: 964

camera_matrix:
  rows: 3
  cols: 3
  data: [1087.14070565,0.0,638.853783833, 0.0,1085.87771537,442.582611252, 0.0,0.0,1.0]

distortion_coefficients:
  rows: 1
  cols: 5
  data: [-0.386256525928, 0.20068888023, 0.0, 0.0, -0.0355541826355]

rectification_matrix:
  rows: 3
  cols: 3
  data: [0.999937443003,0.00714159647141,-0.00860858182661, -0.00713446024329,0.999974180128,0.000859391659324, 0.00861449698257,-0.00079792031357,0.999962576182]

projection_matrix:
  rows: 3
  cols: 4
  data: [1289.95245112,0.0,962.64384079,-194.511626523, 0.0,1289.95245112,385.958599091,0.0, 0.0,0.0,1.0,0.0]

distortion_model: plumb_bob
camera_info_url: file:///home/benjamin/.ros/camera_info/${NAME}.yaml

auto_white_balance: false
white_balance_blue: 525
white_balance_red: 270
enable_trigger: true
trigger_mode: mode14

auto_gain: false
gain: 8.375
auto_exposure: false
exposure: 0.5
auto_shutter: false
shutter_speed: 0.002
