h00: 0.0
h01: 0.342020143325669
h02: 0.939692620785908
h03: 0.005240

h10: -1.0
h11: 0.0
h12: 0.0
h13: 0.0

h20: 0.0
h21: -0.939692620785908
h22: 0.342020143325669
h23: 0.233270
