h00: -0.0148171626361325
h01: 0.3320699569918054
h02: 0.9431383755074730
h03: 0.1597479010969094

h10: -0.9998874847952670
h11: -0.0027146746516252
h12: -0.0147529078940790
h13: 0.0046285833809904

h20: -0.0023386836489257
h21: -0.9432508543356837
h22: 0.3320728178484260
h23: 0.2880198451402700
