h00: 0.0105123327252356
h01: 0.3279424105854634
h02: 0.9446392254189264
h03: 0.1597196966992760

h10: -0.9999325331642652
h11: 0.0081161877183771
h12: 0.0083100310838781
h13: -0.1116245076914271

h20: -0.0049416576539552
h21: -0.9446628514111878
h22: 0.3280056054144743
h23: 0.3147929884429846
